 97.0000  91.0000 106.0000 114.0000  33.0000  65.0000  98.0000  51.0000  80.0000 105.0000  53.0000  52.0000  58.0000  83.0000 127.9961  38.0000
 91.0000  90.0000 102.0000 107.0000  35.0000  66.0000  92.0000  47.0000  75.0000 100.0000  52.0000  49.0000  55.0000  80.0000 126.0000  36.0000
106.0000 102.0000 127.9961 127.9961  44.0000  83.0000 112.0000  59.0000  92.0000 127.9961  61.0000  62.0000  65.0000  98.0000 127.9961  46.0000
114.0000 107.0000 127.9961 127.9961  40.0000  81.0000 118.0000  62.0000 101.0000 127.9961  61.0000  65.0000  73.0000 101.0000 127.9961  47.0000
 33.0000  35.0000  44.0000  40.0000  18.0000  31.0000  35.0000  18.0000  30.0000  41.0000  20.0000  19.0000  20.0000  33.0000  45.0000  14.0000
 65.0000  66.0000  83.0000  81.0000  31.0000  59.0000  69.0000  36.0000  60.0000  78.0000  37.0000  39.0000  39.0000  62.0000  90.0000  29.0000
 98.0000  92.0000 112.0000 118.0000  35.0000  69.0000 105.0000  55.0000  83.0000 111.0000  57.0000  56.0000  63.0000  89.0000 127.9961  39.0000
 51.0000  47.0000  59.0000  62.0000  18.0000  36.0000  55.0000  31.0000  46.0000  57.0000  28.0000  30.0000  33.0000  47.0000  74.0000  19.0000
 80.0000  75.0000  92.0000 101.0000  30.0000  60.0000  83.0000  46.0000  84.0000  90.0000  37.0000  45.0000  54.0000  74.0000 114.0000  30.0000
105.0000 100.0000 127.9961 127.9961  41.0000  78.0000 111.0000  57.0000  90.0000 127.0000  61.0000  61.0000  68.0000  97.0000 127.9961  45.0000
 53.0000  52.0000  61.0000  61.0000  20.0000  37.0000  57.0000  28.0000  37.0000  61.0000  36.0000  30.0000  33.0000  48.0000  75.0000  22.0000
 52.0000  49.0000  62.0000  65.0000  19.0000  39.0000  56.0000  30.0000  45.0000  61.0000  30.0000  32.0000  34.0000  48.0000  75.0000  22.0000
 58.0000  55.0000  65.0000  73.0000  20.0000  39.0000  63.0000  33.0000  54.0000  68.0000  33.0000  34.0000  45.0000  56.0000  87.0000  21.0000
 83.0000  80.0000  98.0000 101.0000  33.0000  62.0000  89.0000  47.0000  74.0000  97.0000  48.0000  48.0000  56.0000  79.0000 119.0000  32.0000
127.9961 126.0000 127.9961 127.9961  45.0000  90.0000 127.9961  74.0000 114.0000 127.9961  75.0000  75.0000  87.0000 119.0000 127.9961  51.0000
 38.0000  36.0000  46.0000  47.0000  14.0000  29.0000  39.0000  19.0000  30.0000  45.0000  22.0000  22.0000  21.0000  32.0000  51.0000  19.0000