This used to test matrix multiplication from LP to Qn x KnT using ping pong bridge.

python -u "d:\DATA\Documents\Xirka Internship\PME\Transformer\transformer\Python Model\matrix_multiplier_v2.py" --task matmul --rows_a 16 --cols_a 10 --proj_dim 12 --display float --integers --min_val 0 --max_val 1 --cores_a 2 --cores_b 2

**Matrix Qn**
Matrix A x Matrix B = Matrix Qn
Cores A = 2, Cores B = 2 (Cores B = 1, TOTAL_MODULES = 2)

Matrix A (16x10):
python -u "d:\DATA\Documents\Xirka Internship\PME\Transformer\transformer\Python Model\mem_processor_v2.py" "d:\DATA\Documents\Xirka Internship\PME\Transformer\transformer\exports\Tested Mem Files\#8 LP to QKT\matrix_A_core.mem" --total_bits 16 --frac_bits 8 --display float
  0.0000   1.0000   0.0000   1.0000   1.0000   1.0000   0.0000   1.0000   0.0000   0.0000
  0.0000   1.0000   0.0000   0.0000   0.0000   1.0000   0.0000   1.0000   1.0000   1.0000
  1.0000   0.0000   1.0000   0.0000   0.0000   1.0000   1.0000   1.0000   0.0000   1.0000
  1.0000   1.0000   1.0000   1.0000   0.0000   0.0000   0.0000   1.0000   1.0000   1.0000
  0.0000   0.0000   0.0000   0.0000   0.0000   1.0000   0.0000   0.0000   0.0000   1.0000
  1.0000   0.0000   0.0000   0.0000   1.0000   1.0000   0.0000   0.0000   0.0000   1.0000
  0.0000   0.0000   1.0000   1.0000   1.0000   0.0000   1.0000   1.0000   0.0000   1.0000
  0.0000   0.0000   1.0000   0.0000   1.0000   0.0000   1.0000   0.0000   0.0000   0.0000
  0.0000   0.0000   1.0000   1.0000   1.0000   1.0000   0.0000   0.0000   1.0000   0.0000
  1.0000   0.0000   0.0000   1.0000   0.0000   1.0000   1.0000   1.0000   0.0000   1.0000
  0.0000   0.0000   0.0000   0.0000   0.0000   0.0000   1.0000   1.0000   0.0000   1.0000
  1.0000   0.0000   0.0000   0.0000   1.0000   0.0000   1.0000   0.0000   0.0000   0.0000
  0.0000   0.0000   0.0000   1.0000   0.0000   0.0000   1.0000   0.0000   1.0000   1.0000
  0.0000   0.0000   0.0000   1.0000   1.0000   1.0000   1.0000   0.0000   0.0000   1.0000
  0.0000   1.0000   1.0000   1.0000   1.0000   0.0000   1.0000   1.0000   1.0000   1.0000
  1.0000   0.0000   0.0000   0.0000   0.0000   0.0000   0.0000   1.0000   0.0000   0.0000
Core Mode (20x8):
python -u "d:\DATA\Documents\Xirka Internship\PME\Transformer\transformer\Python Model\bin2hex.py" "d:\DATA\Documents\Xirka Internship\PME\Transformer\transformer\exports\matrix_A_core_cleaned.mem" --element-bits 16
   0.0000    1.0000    0.0000    1.0000    1.0000    0.0000    1.0000    1.0000
   0.0000    1.0000    0.0000    0.0000    1.0000    0.0000    1.0000    1.0000
   1.0000    1.0000    0.0000    1.0000    0.0000    1.0000    0.0000    0.0000
   0.0000    1.0000    0.0000    1.0000    1.0000    1.0000    0.0000    1.0000
   0.0000    0.0000    1.0000    1.0000    0.0000    1.0000    1.0000    1.0000
   0.0000    0.0000    1.0000    0.0000    0.0000    0.0000    0.0000    0.0000
   0.0000    0.0000    0.0000    0.0000    1.0000    1.0000    1.0000    0.0000
   0.0000    1.0000    1.0000    1.0000    1.0000    0.0000    1.0000    0.0000
   0.0000    0.0000    0.0000    0.0000    1.0000    1.0000    1.0000    0.0000
   0.0000    1.0000    0.0000    1.0000    0.0000    1.0000    0.0000    0.0000
   0.0000    0.0000    1.0000    0.0000    0.0000    0.0000    1.0000    0.0000
   1.0000    1.0000    0.0000    1.0000    0.0000    0.0000    0.0000    0.0000
   1.0000    1.0000    0.0000    1.0000    0.0000    0.0000    1.0000    0.0000
   0.0000    0.0000    1.0000    1.0000    1.0000    1.0000    1.0000    0.0000
   1.0000    0.0000    0.0000    1.0000    0.0000    1.0000    0.0000    0.0000
   0.0000    0.0000    0.0000    0.0000    0.0000    1.0000    1.0000    0.0000
   0.0000    1.0000    0.0000    1.0000    1.0000    1.0000    0.0000    0.0000
   0.0000    0.0000    1.0000    1.0000    1.0000    0.0000    0.0000    0.0000
   1.0000    0.0000    1.0000    0.0000    1.0000    1.0000    0.0000    1.0000
   1.0000    1.0000    0.0000    1.0000    1.0000    1.0000    0.0000    0.0000


Matrix B (10x12):
python -u "d:\DATA\Documents\Xirka Internship\PME\Transformer\transformer\Python Model\mem_processor_v2.py" "d:\DATA\Documents\Xirka Internship\PME\Transformer\transformer\exports\Tested Mem Files\#8 LP to QKT\matrix_B_core.mem" --total_bits 16 --frac_bits 8 --display float
  1.0000   0.0000   1.0000   0.0000   0.0000   1.0000   0.0000   1.0000   0.0000   1.0000   0.0000   1.0000
  1.0000   1.0000   1.0000   1.0000   1.0000   0.0000   0.0000   1.0000   1.0000   0.0000   1.0000   0.0000
  1.0000   1.0000   0.0000   0.0000   0.0000   1.0000   0.0000   1.0000   0.0000   0.0000   0.0000   1.0000
  0.0000   0.0000   0.0000   0.0000   0.0000   1.0000   0.0000   1.0000   1.0000   0.0000   1.0000   1.0000
  0.0000   1.0000   1.0000   0.0000   1.0000   1.0000   1.0000   0.0000   0.0000   0.0000   0.0000   0.0000
  1.0000   1.0000   0.0000   1.0000   0.0000   1.0000   1.0000   1.0000   0.0000   1.0000   0.0000   1.0000
  0.0000   1.0000   1.0000   1.0000   0.0000   0.0000   0.0000   1.0000   1.0000   0.0000   1.0000   1.0000
  0.0000   1.0000   1.0000   1.0000   1.0000   1.0000   0.0000   0.0000   0.0000   1.0000   1.0000   0.0000
  0.0000   0.0000   0.0000   0.0000   1.0000   1.0000   1.0000   0.0000   1.0000   0.0000   0.0000   1.0000
  0.0000   1.0000   1.0000   0.0000   0.0000   0.0000   1.0000   0.0000   0.0000   1.0000   0.0000   0.0000
Core Mode (15x8):
python -u "d:\DATA\Documents\Xirka Internship\PME\Transformer\transformer\Python Model\bin2hex.py" "d:\DATA\Documents\Xirka Internship\PME\Transformer\transformer\exports\matrix_B_core_cleaned.mem" --element-bits 16
   1.0000    1.0000    0.0000    1.0000    1.0000    1.0000    0.0000    1.0000
   1.0000    0.0000    1.0000    0.0000    0.0000    0.0000    0.0000    0.0000
   0.0000    1.0000    1.0000    1.0000    1.0000    0.0000    0.0000    1.0000
   0.0000    0.0000    1.0000    1.0000    1.0000    1.0000    1.0000    1.0000
   0.0000    0.0000    0.0000    1.0000    0.0000    1.0000    0.0000    0.0000
   0.0000    1.0000    1.0000    0.0000    0.0000    0.0000    1.0000    1.0000
   0.0000    0.0000    1.0000    1.0000    0.0000    0.0000    1.0000    1.0000
   1.0000    0.0000    1.0000    1.0000    1.0000    1.0000    0.0000    1.0000
   0.0000    1.0000    0.0000    1.0000    0.0000    0.0000    1.0000    0.0000
   1.0000    0.0000    1.0000    0.0000    1.0000    1.0000    0.0000    0.0000
   0.0000    1.0000    1.0000    0.0000    0.0000    1.0000    1.0000    0.0000
   0.0000    1.0000    0.0000    0.0000    0.0000    1.0000    1.0000    1.0000
   0.0000    0.0000    0.0000    1.0000    0.0000    0.0000    0.0000    1.0000
   1.0000    0.0000    0.0000    1.0000    1.0000    1.0000    1.0000    0.0000
   1.0000    0.0000    0.0000    1.0000    0.0000    0.0000    1.0000    0.0000

Matrix C/Qn (16 x 12):
  2.0000   4.0000   3.0000   3.0000   3.0000   4.0000   2.0000   3.0000   2.0000   2.0000   3.0000   2.0000
  2.0000   4.0000   3.0000   3.0000   3.0000   3.0000   3.0000   2.0000   2.0000   3.0000   2.0000   2.0000
  3.0000   5.0000   4.0000   3.0000   1.0000   4.0000   2.0000   4.0000   1.0000   4.0000   2.0000   4.0000
  3.0000   4.0000   4.0000   2.0000   3.0000   5.0000   2.0000   4.0000   3.0000   3.0000   3.0000   4.0000
  1.0000   2.0000   1.0000   1.0000   0.0000   1.0000   2.0000   1.0000   0.0000   2.0000   0.0000   1.0000
  2.0000   3.0000   3.0000   1.0000   1.0000   3.0000   3.0000   2.0000   0.0000   3.0000   0.0000   2.0000
  1.0000   5.0000   4.0000   2.0000   2.0000   4.0000   2.0000   3.0000   2.0000   2.0000   3.0000   3.0000
  1.0000   3.0000   2.0000   1.0000   1.0000   2.0000   1.0000   2.0000   1.0000   0.0000   1.0000   2.0000
  2.0000   3.0000   1.0000   1.0000   2.0000   5.0000   3.0000   3.0000   2.0000   1.0000   1.0000   4.0000
  2.0000   4.0000   4.0000   3.0000   1.0000   4.0000   2.0000   4.0000   2.0000   4.0000   3.0000   4.0000
  0.0000   3.0000   3.0000   2.0000   1.0000   1.0000   1.0000   1.0000   1.0000   2.0000   2.0000   1.0000
  1.0000   2.0000   3.0000   1.0000   1.0000   2.0000   1.0000   2.0000   1.0000   1.0000   1.0000   2.0000
  0.0000   2.0000   2.0000   1.0000   1.0000   2.0000   2.0000   2.0000   3.0000   1.0000   2.0000   3.0000
  1.0000   4.0000   3.0000   2.0000   1.0000   3.0000   3.0000   3.0000   2.0000   2.0000   2.0000   3.0000
  2.0000   6.0000   5.0000   3.0000   4.0000   5.0000   3.0000   4.0000   4.0000   2.0000   4.0000   4.0000
  1.0000   1.0000   2.0000   1.0000   1.0000   2.0000   0.0000   1.0000   0.0000   2.0000   1.0000   1.0000

python -u "d:\DATA\Documents\Xirka Internship\PME\Transformer\transformer\Python Model\mem_processor_v2.py" "d:\DATA\Documents\Xirka Internship\PME\Transformer\transformer\exports\Tested Mem Files\#8 LP to QKT\matrix_Qn_core.mem" --total_bits 16 --frac_bits 8 --display float

Matrix C/Qn (16 x 12) core mode:
   2.0000    4.0000    2.0000    4.0000    3.0000    5.0000    3.0000    4.0000    3.0000    3.0000    3.0000    3.0000    4.0000    3.0000    4.0000    2.0000
   3.0000    4.0000    3.0000    3.0000    1.0000    4.0000    3.0000    5.0000    2.0000    3.0000    3.0000    2.0000    2.0000    4.0000    2.0000    4.0000
   2.0000    2.0000    2.0000    3.0000    1.0000    4.0000    3.0000    3.0000    3.0000    2.0000    2.0000    2.0000    2.0000    4.0000    3.0000    4.0000
   1.0000    2.0000    2.0000    3.0000    1.0000    5.0000    1.0000    3.0000    1.0000    1.0000    3.0000    1.0000    4.0000    2.0000    2.0000    1.0000
   0.0000    1.0000    1.0000    3.0000    2.0000    4.0000    1.0000    2.0000    2.0000    1.0000    3.0000    2.0000    2.0000    3.0000    1.0000    2.0000
   0.0000    2.0000    0.0000    3.0000    2.0000    2.0000    1.0000    0.0000    0.0000    1.0000    0.0000    2.0000    3.0000    3.0000    1.0000    2.0000
   2.0000    3.0000    2.0000    4.0000    0.0000    3.0000    1.0000    2.0000    1.0000    1.0000    4.0000    3.0000    3.0000    2.0000    3.0000    1.0000
   2.0000    5.0000    1.0000    4.0000    1.0000    1.0000    1.0000    2.0000    3.0000    3.0000    2.0000    4.0000    1.0000    1.0000    1.0000    2.0000
   2.0000    1.0000    2.0000    4.0000    1.0000    2.0000    1.0000    1.0000    1.0000    4.0000    3.0000    4.0000    2.0000    1.0000    1.0000    2.0000
   0.0000    2.0000    1.0000    4.0000    2.0000    6.0000    1.0000    1.0000    2.0000    1.0000    3.0000    2.0000    5.0000    3.0000    2.0000    1.0000
   1.0000    2.0000    1.0000    3.0000    4.0000    5.0000    1.0000    2.0000    2.0000    2.0000    3.0000    3.0000    3.0000    4.0000    0.0000    1.0000
   3.0000    1.0000    2.0000    2.0000    4.0000    2.0000    0.0000    2.0000    2.0000    3.0000    2.0000    3.0000    4.0000    4.0000    1.0000    1.0000


**Matrix KnT**
 2.0000  2.0000  3.0000  3.0000  1.0000  2.0000  1.0000  1.0000  2.0000  2.0000  0.0000  1.0000  0.0000  1.0000  2.0000  1.0000
 4.0000  4.0000  5.0000  4.0000  2.0000  3.0000  5.0000  3.0000  3.0000  4.0000  3.0000  2.0000  2.0000  4.0000  6.0000  1.0000
 3.0000  3.0000  4.0000  4.0000  1.0000  3.0000  4.0000  2.0000  1.0000  4.0000  3.0000  3.0000  2.0000  3.0000  5.0000  2.0000
 3.0000  3.0000  3.0000  2.0000  1.0000  1.0000  2.0000  1.0000  1.0000  3.0000  2.0000  1.0000  1.0000  2.0000  3.0000  1.0000
 3.0000  3.0000  1.0000  3.0000  0.0000  1.0000  2.0000  1.0000  2.0000  1.0000  1.0000  1.0000  1.0000  1.0000  4.0000  1.0000
 4.0000  3.0000  4.0000  5.0000  1.0000  3.0000  4.0000  2.0000  5.0000  4.0000  1.0000  2.0000  2.0000  3.0000  5.0000  2.0000
 2.0000  3.0000  2.0000  2.0000  2.0000  3.0000  2.0000  1.0000  3.0000  2.0000  1.0000  1.0000  2.0000  3.0000  3.0000  0.0000
 3.0000  2.0000  4.0000  4.0000  1.0000  2.0000  3.0000  2.0000  3.0000  4.0000  1.0000  2.0000  2.0000  3.0000  4.0000  1.0000
 2.0000  2.0000  1.0000  3.0000  0.0000  0.0000  2.0000  1.0000  2.0000  2.0000  1.0000  1.0000  3.0000  2.0000  4.0000  0.0000
 2.0000  3.0000  4.0000  3.0000  2.0000  3.0000  2.0000  0.0000  1.0000  4.0000  2.0000  1.0000  1.0000  2.0000  2.0000  2.0000
 3.0000  2.0000  2.0000  3.0000  0.0000  0.0000  3.0000  1.0000  1.0000  3.0000  2.0000  1.0000  2.0000  2.0000  4.0000  1.0000
 2.0000  2.0000  4.0000  4.0000  1.0000  2.0000  3.0000  2.0000  4.0000  4.0000  1.0000  2.0000  3.0000  3.0000  4.0000  1.0000

**Matrix Qn x KnT (16x16)**
 python -u "d:\DATA\Documents\Xirka Internship\PME\Transformer\transformer\Python Model\block_matmul.py" --matrix_A "d:\DATA\Documents\Xirka Internship\PME\Transformer\transformer\Python Model\A.txt" --matrix_B "d:\DATA\Documents\Xirka Internship\PME\Transformer\transformer\Python Model\B.txt" --cores_a 2 --cores_b 2 --display float

Real:
   97    91   106   114    33    65    98    51    80   105    53    52    58    83   134    38
   91    90   102   107    35    66    92    47    75   100    52    49    55    80   126    36
  106   102   133   131    44    83   112    59    92   128    61    62    65    98   147    46
  114   107   131   142    40    81   118    62   101   130    61    65    73   101   161    47
   33    35    44    40    18    31    35    18    30    41    20    19    20    33    45    14
   65    66    83    81    31    59    69    36    60    78    37    39    39    62    90    29
   98    92   112   118    35    69   105    55    83   111    57    56    63    89   140    39
   51    47    59    62    18    36    55    31    46    57    28    30    33    47    74    19
   80    75    92   101    30    60    83    46    84    90    37    45    54    74   114    30
  105   100   128   130    41    78   111    57    90   127    61    61    68    97   147    45
   53    52    61    61    20    37    57    28    37    61    36    30    33    48    75    22
   52    49    62    65    19    39    56    30    45    61    30    32    34    48    75    22
   58    55    65    73    20    39    63    33    54    68    33    34    45    56    87    21
   83    80    98   101    33    62    89    47    74    97    48    48    56    79   119    32
  134   126   147   161    45    90   140    74   114   147    75    75    87   119   192    51
   38    36    46    47    14    29    39    19    30    45    22    22    21    32    51    19

Implementation (Q8.8):
 97.0000  91.0000 106.0000 114.0000  33.0000  65.0000  98.0000  51.0000  80.0000 105.0000  53.0000  52.0000  58.0000  83.0000 127.9961  38.0000
 91.0000  90.0000 102.0000 107.0000  35.0000  66.0000  92.0000  47.0000  75.0000 100.0000  52.0000  49.0000  55.0000  80.0000 126.0000  36.0000
106.0000 102.0000 127.9961 127.9961  44.0000  83.0000 112.0000  59.0000  92.0000 127.9961  61.0000  62.0000  65.0000  98.0000 127.9961  46.0000
114.0000 107.0000 127.9961 127.9961  40.0000  81.0000 118.0000  62.0000 101.0000 127.9961  61.0000  65.0000  73.0000 101.0000 127.9961  47.0000
 33.0000  35.0000  44.0000  40.0000  18.0000  31.0000  35.0000  18.0000  30.0000  41.0000  20.0000  19.0000  20.0000  33.0000  45.0000  14.0000
 65.0000  66.0000  83.0000  81.0000  31.0000  59.0000  69.0000  36.0000  60.0000  78.0000  37.0000  39.0000  39.0000  62.0000  90.0000  29.0000
 98.0000  92.0000 112.0000 118.0000  35.0000  69.0000 105.0000  55.0000  83.0000 111.0000  57.0000  56.0000  63.0000  89.0000 127.9961  39.0000
 51.0000  47.0000  59.0000  62.0000  18.0000  36.0000  55.0000  31.0000  46.0000  57.0000  28.0000  30.0000  33.0000  47.0000  74.0000  19.0000
 80.0000  75.0000  92.0000 101.0000  30.0000  60.0000  83.0000  46.0000  84.0000  90.0000  37.0000  45.0000  54.0000  74.0000 114.0000  30.0000
105.0000 100.0000 127.9961 127.9961  41.0000  78.0000 111.0000  57.0000  90.0000 127.0000  61.0000  61.0000  68.0000  97.0000 127.9961  45.0000
 53.0000  52.0000  61.0000  61.0000  20.0000  37.0000  57.0000  28.0000  37.0000  61.0000  36.0000  30.0000  33.0000  48.0000  75.0000  22.0000
 52.0000  49.0000  62.0000  65.0000  19.0000  39.0000  56.0000  30.0000  45.0000  61.0000  30.0000  32.0000  34.0000  48.0000  75.0000  22.0000
 58.0000  55.0000  65.0000  73.0000  20.0000  39.0000  63.0000  33.0000  54.0000  68.0000  33.0000  34.0000  45.0000  56.0000  87.0000  21.0000
 83.0000  80.0000  98.0000 101.0000  33.0000  62.0000  89.0000  47.0000  74.0000  97.0000  48.0000  48.0000  56.0000  79.0000 119.0000  32.0000
127.9961 126.0000 127.9961 127.9961  45.0000  90.0000 127.9961  74.0000 114.0000 127.9961  75.0000  75.0000  87.0000 119.0000 127.9961  51.0000
 38.0000  36.0000  46.0000  47.0000  14.0000  29.0000  39.0000  19.0000  30.0000  45.0000  22.0000  22.0000  21.0000  32.0000  51.0000  19.0000
