This used to test matrix multiplication from LP to Qn x KnT using ping pong bridge.

python -u "d:\DATA\Documents\Xirka Internship\PME\Transformer\transformer\Python Model\matrix_multiplier_v2.py" --task matmul --rows_a 16 --cols_a 10 --proj_dim 12 --display float --integers --min_val 0 --max_val 1 --cores_a 2 --cores_b 2

**Matrix Qn**
Matrix A x Matrix B = Matrix Qn
Cores A = 2, Cores B = 2 (Cores B = 1, TOTAL_MODULES = 2)

Matrix A (16x10):
python -u "d:\DATA\Documents\Xirka Internship\PME\Transformer\transformer\Python Model\mem_processor_v2.py" "d:\DATA\Documents\Xirka Internship\PME\Transformer\transformer\exports\Tested Mem Files\#8 LP to QKT\matrix_A_core.mem" --total_bits 16 --frac_bits 8 --display float
  0.0000   1.0000   0.0000   1.0000   1.0000   1.0000   0.0000   1.0000   0.0000   0.0000
  0.0000   1.0000   0.0000   0.0000   0.0000   1.0000   0.0000   1.0000   1.0000   1.0000
  1.0000   0.0000   1.0000   0.0000   0.0000   1.0000   1.0000   1.0000   0.0000   1.0000
  1.0000   1.0000   1.0000   1.0000   0.0000   0.0000   0.0000   1.0000   1.0000   1.0000
  0.0000   0.0000   0.0000   0.0000   0.0000   1.0000   0.0000   0.0000   0.0000   1.0000
  1.0000   0.0000   0.0000   0.0000   1.0000   1.0000   0.0000   0.0000   0.0000   1.0000
  0.0000   0.0000   1.0000   1.0000   1.0000   0.0000   1.0000   1.0000   0.0000   1.0000
  0.0000   0.0000   1.0000   0.0000   1.0000   0.0000   1.0000   0.0000   0.0000   0.0000
  0.0000   0.0000   1.0000   1.0000   1.0000   1.0000   0.0000   0.0000   1.0000   0.0000
  1.0000   0.0000   0.0000   1.0000   0.0000   1.0000   1.0000   1.0000   0.0000   1.0000
  0.0000   0.0000   0.0000   0.0000   0.0000   0.0000   1.0000   1.0000   0.0000   1.0000
  1.0000   0.0000   0.0000   0.0000   1.0000   0.0000   1.0000   0.0000   0.0000   0.0000
  0.0000   0.0000   0.0000   1.0000   0.0000   0.0000   1.0000   0.0000   1.0000   1.0000
  0.0000   0.0000   0.0000   1.0000   1.0000   1.0000   1.0000   0.0000   0.0000   1.0000
  0.0000   1.0000   1.0000   1.0000   1.0000   0.0000   1.0000   1.0000   1.0000   1.0000
  1.0000   0.0000   0.0000   0.0000   0.0000   0.0000   0.0000   1.0000   0.0000   0.0000
Core Mode (20x8):
python -u "d:\DATA\Documents\Xirka Internship\PME\Transformer\transformer\Python Model\bin2hex.py" "d:\DATA\Documents\Xirka Internship\PME\Transformer\transformer\exports\matrix_A_core_cleaned.mem" --element-bits 16
   0.0000    1.0000    0.0000    1.0000    1.0000    0.0000    1.0000    1.0000
   0.0000    1.0000    0.0000    0.0000    1.0000    0.0000    1.0000    1.0000
   1.0000    1.0000    0.0000    1.0000    0.0000    1.0000    0.0000    0.0000
   0.0000    1.0000    0.0000    1.0000    1.0000    1.0000    0.0000    1.0000
   0.0000    0.0000    1.0000    1.0000    0.0000    1.0000    1.0000    1.0000
   0.0000    0.0000    1.0000    0.0000    0.0000    0.0000    0.0000    0.0000
   0.0000    0.0000    0.0000    0.0000    1.0000    1.0000    1.0000    0.0000
   0.0000    1.0000    1.0000    1.0000    1.0000    0.0000    1.0000    0.0000
   0.0000    0.0000    0.0000    0.0000    1.0000    1.0000    1.0000    0.0000
   0.0000    1.0000    0.0000    1.0000    0.0000    1.0000    0.0000    0.0000
   0.0000    0.0000    1.0000    0.0000    0.0000    0.0000    1.0000    0.0000
   1.0000    1.0000    0.0000    1.0000    0.0000    0.0000    0.0000    0.0000
   1.0000    1.0000    0.0000    1.0000    0.0000    0.0000    1.0000    0.0000
   0.0000    0.0000    1.0000    1.0000    1.0000    1.0000    1.0000    0.0000
   1.0000    0.0000    0.0000    1.0000    0.0000    1.0000    0.0000    0.0000
   0.0000    0.0000    0.0000    0.0000    0.0000    1.0000    1.0000    0.0000
   0.0000    1.0000    0.0000    1.0000    1.0000    1.0000    0.0000    0.0000
   0.0000    0.0000    1.0000    1.0000    1.0000    0.0000    0.0000    0.0000
   1.0000    0.0000    1.0000    0.0000    1.0000    1.0000    0.0000    1.0000
   1.0000    1.0000    0.0000    1.0000    1.0000    1.0000    0.0000    0.0000


Matrix B (10x12):
python -u "d:\DATA\Documents\Xirka Internship\PME\Transformer\transformer\Python Model\mem_processor_v2.py" "d:\DATA\Documents\Xirka Internship\PME\Transformer\transformer\exports\Tested Mem Files\#8 LP to QKT\matrix_B_core.mem" --total_bits 16 --frac_bits 8 --display float
  1.0000   0.0000   1.0000   0.0000   0.0000   1.0000   0.0000   1.0000   0.0000   1.0000   0.0000   1.0000
  1.0000   1.0000   1.0000   1.0000   1.0000   0.0000   0.0000   1.0000   1.0000   0.0000   1.0000   0.0000
  1.0000   1.0000   0.0000   0.0000   0.0000   1.0000   0.0000   1.0000   0.0000   0.0000   0.0000   1.0000
  0.0000   0.0000   0.0000   0.0000   0.0000   1.0000   0.0000   1.0000   1.0000   0.0000   1.0000   1.0000
  0.0000   1.0000   1.0000   0.0000   1.0000   1.0000   1.0000   0.0000   0.0000   0.0000   0.0000   0.0000
  1.0000   1.0000   0.0000   1.0000   0.0000   1.0000   1.0000   1.0000   0.0000   1.0000   0.0000   1.0000
  0.0000   1.0000   1.0000   1.0000   0.0000   0.0000   0.0000   1.0000   1.0000   0.0000   1.0000   1.0000
  0.0000   1.0000   1.0000   1.0000   1.0000   1.0000   0.0000   0.0000   0.0000   1.0000   1.0000   0.0000
  0.0000   0.0000   0.0000   0.0000   1.0000   1.0000   1.0000   0.0000   1.0000   0.0000   0.0000   1.0000
  0.0000   1.0000   1.0000   0.0000   0.0000   0.0000   1.0000   0.0000   0.0000   1.0000   0.0000   0.0000
Core Mode (15x8):
python -u "d:\DATA\Documents\Xirka Internship\PME\Transformer\transformer\Python Model\bin2hex.py" "d:\DATA\Documents\Xirka Internship\PME\Transformer\transformer\exports\matrix_B_core_cleaned.mem" --element-bits 16
   1.0000    1.0000    0.0000    1.0000    1.0000    1.0000    0.0000    1.0000
   1.0000    0.0000    1.0000    0.0000    0.0000    0.0000    0.0000    0.0000
   0.0000    1.0000    1.0000    1.0000    1.0000    0.0000    0.0000    1.0000
   0.0000    0.0000    1.0000    1.0000    1.0000    1.0000    1.0000    1.0000
   0.0000    0.0000    0.0000    1.0000    0.0000    1.0000    0.0000    0.0000
   0.0000    1.0000    1.0000    0.0000    0.0000    0.0000    1.0000    1.0000
   0.0000    0.0000    1.0000    1.0000    0.0000    0.0000    1.0000    1.0000
   1.0000    0.0000    1.0000    1.0000    1.0000    1.0000    0.0000    1.0000
   0.0000    1.0000    0.0000    1.0000    0.0000    0.0000    1.0000    0.0000
   1.0000    0.0000    1.0000    0.0000    1.0000    1.0000    0.0000    0.0000
   0.0000    1.0000    1.0000    0.0000    0.0000    1.0000    1.0000    0.0000
   0.0000    1.0000    0.0000    0.0000    0.0000    1.0000    1.0000    1.0000
   0.0000    0.0000    0.0000    1.0000    0.0000    0.0000    0.0000    1.0000
   1.0000    0.0000    0.0000    1.0000    1.0000    1.0000    1.0000    0.0000
   1.0000    0.0000    0.0000    1.0000    0.0000    0.0000    1.0000    0.0000

Matrix C/Qn (16 x 12):
  2.0000   4.0000   3.0000   3.0000   3.0000   4.0000   2.0000   3.0000   2.0000   2.0000   3.0000   2.0000
  2.0000   4.0000   3.0000   3.0000   3.0000   3.0000   3.0000   2.0000   2.0000   3.0000   2.0000   2.0000
  3.0000   5.0000   4.0000   3.0000   1.0000   4.0000   2.0000   4.0000   1.0000   4.0000   2.0000   4.0000
  3.0000   4.0000   4.0000   2.0000   3.0000   5.0000   2.0000   4.0000   3.0000   3.0000   3.0000   4.0000
  1.0000   2.0000   1.0000   1.0000   0.0000   1.0000   2.0000   1.0000   0.0000   2.0000   0.0000   1.0000
  2.0000   3.0000   3.0000   1.0000   1.0000   3.0000   3.0000   2.0000   0.0000   3.0000   0.0000   2.0000
  1.0000   5.0000   4.0000   2.0000   2.0000   4.0000   2.0000   3.0000   2.0000   2.0000   3.0000   3.0000
  1.0000   3.0000   2.0000   1.0000   1.0000   2.0000   1.0000   2.0000   1.0000   0.0000   1.0000   2.0000
  2.0000   3.0000   1.0000   1.0000   2.0000   5.0000   3.0000   3.0000   2.0000   1.0000   1.0000   4.0000
  2.0000   4.0000   4.0000   3.0000   1.0000   4.0000   2.0000   4.0000   2.0000   4.0000   3.0000   4.0000
  0.0000   3.0000   3.0000   2.0000   1.0000   1.0000   1.0000   1.0000   1.0000   2.0000   2.0000   1.0000
  1.0000   2.0000   3.0000   1.0000   1.0000   2.0000   1.0000   2.0000   1.0000   1.0000   1.0000   2.0000
  0.0000   2.0000   2.0000   1.0000   1.0000   2.0000   2.0000   2.0000   3.0000   1.0000   2.0000   3.0000
  1.0000   4.0000   3.0000   2.0000   1.0000   3.0000   3.0000   3.0000   2.0000   2.0000   2.0000   3.0000
  2.0000   6.0000   5.0000   3.0000   4.0000   5.0000   3.0000   4.0000   4.0000   2.0000   4.0000   4.0000
  1.0000   1.0000   2.0000   1.0000   1.0000   2.0000   0.0000   1.0000   0.0000   2.0000   1.0000   1.0000

python -u "d:\DATA\Documents\Xirka Internship\PME\Transformer\transformer\Python Model\mem_processor_v2.py" "d:\DATA\Documents\Xirka Internship\PME\Transformer\transformer\exports\Tested Mem Files\#8 LP to QKT\matrix_Qn_core.mem" --total_bits 16 --frac_bits 8 --display float

Matrix C/Qn (16 x 12) core mode:
   2.0000    4.0000    2.0000    4.0000    3.0000    5.0000    3.0000    4.0000    3.0000    3.0000    3.0000    3.0000    4.0000    3.0000    4.0000    2.0000
   3.0000    4.0000    3.0000    3.0000    1.0000    4.0000    3.0000    5.0000    2.0000    3.0000    3.0000    2.0000    2.0000    4.0000    2.0000    4.0000
   2.0000    2.0000    2.0000    3.0000    1.0000    4.0000    3.0000    3.0000    3.0000    2.0000    2.0000    2.0000    2.0000    4.0000    3.0000    4.0000
   1.0000    2.0000    2.0000    3.0000    1.0000    5.0000    1.0000    3.0000    1.0000    1.0000    3.0000    1.0000    4.0000    2.0000    2.0000    1.0000
   0.0000    1.0000    1.0000    3.0000    2.0000    4.0000    1.0000    2.0000    2.0000    1.0000    3.0000    2.0000    2.0000    3.0000    1.0000    2.0000
   0.0000    2.0000    0.0000    3.0000    2.0000    2.0000    1.0000    0.0000    0.0000    1.0000    0.0000    2.0000    3.0000    3.0000    1.0000    2.0000
   2.0000    3.0000    2.0000    4.0000    0.0000    3.0000    1.0000    2.0000    1.0000    1.0000    4.0000    3.0000    3.0000    2.0000    3.0000    1.0000
   2.0000    5.0000    1.0000    4.0000    1.0000    1.0000    1.0000    2.0000    3.0000    3.0000    2.0000    4.0000    1.0000    1.0000    1.0000    2.0000
   2.0000    1.0000    2.0000    4.0000    1.0000    2.0000    1.0000    1.0000    1.0000    4.0000    3.0000    4.0000    2.0000    1.0000    1.0000    2.0000
   0.0000    2.0000    1.0000    4.0000    2.0000    6.0000    1.0000    1.0000    2.0000    1.0000    3.0000    2.0000    5.0000    3.0000    2.0000    1.0000
   1.0000    2.0000    1.0000    3.0000    4.0000    5.0000    1.0000    2.0000    2.0000    2.0000    3.0000    3.0000    3.0000    4.0000    0.0000    1.0000
   3.0000    1.0000    2.0000    2.0000    4.0000    2.0000    0.0000    2.0000    2.0000    3.0000    2.0000    3.0000    4.0000    4.0000    1.0000    1.0000


**Matrix KnT**
 2.0000  2.0000  3.0000  3.0000  1.0000  2.0000  1.0000  1.0000  2.0000  2.0000  0.0000  1.0000  0.0000  1.0000  2.0000  1.0000
 4.0000  4.0000  5.0000  4.0000  2.0000  3.0000  5.0000  3.0000  3.0000  4.0000  3.0000  2.0000  2.0000  4.0000  6.0000  1.0000
 3.0000  3.0000  4.0000  4.0000  1.0000  3.0000  4.0000  2.0000  1.0000  4.0000  3.0000  3.0000  2.0000  3.0000  5.0000  2.0000
 3.0000  3.0000  3.0000  2.0000  1.0000  1.0000  2.0000  1.0000  1.0000  3.0000  2.0000  1.0000  1.0000  2.0000  3.0000  1.0000
 3.0000  3.0000  1.0000  3.0000  0.0000  1.0000  2.0000  1.0000  2.0000  1.0000  1.0000  1.0000  1.0000  1.0000  4.0000  1.0000
 4.0000  3.0000  4.0000  5.0000  1.0000  3.0000  4.0000  2.0000  5.0000  4.0000  1.0000  2.0000  2.0000  3.0000  5.0000  2.0000
 2.0000  3.0000  2.0000  2.0000  2.0000  3.0000  2.0000  1.0000  3.0000  2.0000  1.0000  1.0000  2.0000  3.0000  3.0000  0.0000
 3.0000  2.0000  4.0000  4.0000  1.0000  2.0000  3.0000  2.0000  3.0000  4.0000  1.0000  2.0000  2.0000  3.0000  4.0000  1.0000
 2.0000  2.0000  1.0000  3.0000  0.0000  0.0000  2.0000  1.0000  2.0000  2.0000  1.0000  1.0000  3.0000  2.0000  4.0000  0.0000
 2.0000  3.0000  4.0000  3.0000  2.0000  3.0000  2.0000  0.0000  1.0000  4.0000  2.0000  1.0000  1.0000  2.0000  2.0000  2.0000
 3.0000  2.0000  2.0000  3.0000  0.0000  0.0000  3.0000  1.0000  1.0000  3.0000  2.0000  1.0000  2.0000  2.0000  4.0000  1.0000
 2.0000  2.0000  4.0000  4.0000  1.0000  2.0000  3.0000  2.0000  4.0000  4.0000  1.0000  2.0000  3.0000  3.0000  4.0000  1.0000

**Matrix Qn x KnT (16x16)**
 python -u "d:\DATA\Documents\Xirka Internship\PME\Transformer\transformer\Python Model\block_matmul.py" --matrix_A "d:\DATA\Documents\Xirka Internship\PME\Transformer\transformer\Python Model\A.txt" --matrix_B "d:\DATA\Documents\Xirka Internship\PME\Transformer\transformer\Python Model\B.txt" --cores_a 2 --cores_b 2 --display float

Real:
   97    91   106   114    33    65    98    51    80   105    53    52    58    83   134    38
   91    90   102   107    35    66    92    47    75   100    52    49    55    80   126    36
  106   102   133   131    44    83   112    59    92   128    61    62    65    98   147    46
  114   107   131   142    40    81   118    62   101   130    61    65    73   101   161    47
   33    35    44    40    18    31    35    18    30    41    20    19    20    33    45    14
   65    66    83    81    31    59    69    36    60    78    37    39    39    62    90    29
   98    92   112   118    35    69   105    55    83   111    57    56    63    89   140    39
   51    47    59    62    18    36    55    31    46    57    28    30    33    47    74    19
   80    75    92   101    30    60    83    46    84    90    37    45    54    74   114    30
  105   100   128   130    41    78   111    57    90   127    61    61    68    97   147    45
   53    52    61    61    20    37    57    28    37    61    36    30    33    48    75    22
   52    49    62    65    19    39    56    30    45    61    30    32    34    48    75    22
   58    55    65    73    20    39    63    33    54    68    33    34    45    56    87    21
   83    80    98   101    33    62    89    47    74    97    48    48    56    79   119    32
  134   126   147   161    45    90   140    74   114   147    75    75    87   119   192    51
   38    36    46    47    14    29    39    19    30    45    22    22    21    32    51    19

Implementation (Q8.8):
 97.0000  91.0000 106.0000 114.0000  33.0000  65.0000  98.0000  51.0000  80.0000 105.0000  53.0000  52.0000  58.0000  83.0000 127.9961  38.0000
 91.0000  90.0000 102.0000 107.0000  35.0000  66.0000  92.0000  47.0000  75.0000 100.0000  52.0000  49.0000  55.0000  80.0000 126.0000  36.0000
106.0000 102.0000 127.9961 127.9961  44.0000  83.0000 112.0000  59.0000  92.0000 127.9961  61.0000  62.0000  65.0000  98.0000 127.9961  46.0000
114.0000 107.0000 127.9961 127.9961  40.0000  81.0000 118.0000  62.0000 101.0000 127.9961  61.0000  65.0000  73.0000 101.0000 127.9961  47.0000
 33.0000  35.0000  44.0000  40.0000  18.0000  31.0000  35.0000  18.0000  30.0000  41.0000  20.0000  19.0000  20.0000  33.0000  45.0000  14.0000
 65.0000  66.0000  83.0000  81.0000  31.0000  59.0000  69.0000  36.0000  60.0000  78.0000  37.0000  39.0000  39.0000  62.0000  90.0000  29.0000
 98.0000  92.0000 112.0000 118.0000  35.0000  69.0000 105.0000  55.0000  83.0000 111.0000  57.0000  56.0000  63.0000  89.0000 127.9961  39.0000
 51.0000  47.0000  59.0000  62.0000  18.0000  36.0000  55.0000  31.0000  46.0000  57.0000  28.0000  30.0000  33.0000  47.0000  74.0000  19.0000
 80.0000  75.0000  92.0000 101.0000  30.0000  60.0000  83.0000  46.0000  84.0000  90.0000  37.0000  45.0000  54.0000  74.0000 114.0000  30.0000
105.0000 100.0000 127.9961 127.9961  41.0000  78.0000 111.0000  57.0000  90.0000 127.0000  61.0000  61.0000  68.0000  97.0000 127.9961  45.0000
 53.0000  52.0000  61.0000  61.0000  20.0000  37.0000  57.0000  28.0000  37.0000  61.0000  36.0000  30.0000  33.0000  48.0000  75.0000  22.0000
 52.0000  49.0000  62.0000  65.0000  19.0000  39.0000  56.0000  30.0000  45.0000  61.0000  30.0000  32.0000  34.0000  48.0000  75.0000  22.0000
 58.0000  55.0000  65.0000  73.0000  20.0000  39.0000  63.0000  33.0000  54.0000  68.0000  33.0000  34.0000  45.0000  56.0000  87.0000  21.0000
 83.0000  80.0000  98.0000 101.0000  33.0000  62.0000  89.0000  47.0000  74.0000  97.0000  48.0000  48.0000  56.0000  79.0000 119.0000  32.0000
127.9961 126.0000 127.9961 127.9961  45.0000  90.0000 127.9961  74.0000 114.0000 127.9961  75.0000  75.0000  87.0000 119.0000 127.9961  51.0000
 38.0000  36.0000  46.0000  47.0000  14.0000  29.0000  39.0000  19.0000  30.0000  45.0000  22.0000  22.0000  21.0000  32.0000  51.0000  19.0000

Softmax results based on implementation (not the ideal one) (16x16):
000e 000a 001a 002b 0000 0002 000f 0000 | 0005 0018 0000 0000 0001 0006 0067 0000
000c 000c 0019 0023 0000 0002 000d 0000 | 0004 0016 0001 0000 0001 0006 0073 0000
000c 0009 0031 0031 0000 0002 0012 0000 | 0005 0031 0000 0000 0000 0007 0031 0000
0012 000c 002c 002c 0000 0002 0018 0000 | 0008 002c 0000 0000 0001 0008 002c 0000

0010 0012 0020 0019 0006 000e 0012 0006 | 000d 001a 0007 0006 0007 0010 0022 0004
000d 000e 0028 0023 0001 0009 0010 0002 | 0009 001d 0002 0002 0002 000b 003f 0001
000d 0009 001f 002e 0000 0002 0014 0000 | 0005 001d 0001 0000 0001 0007 0056 0000
0010 000c 001a 0020 0002 0006 0014 0004 | 000c 0017 0003 0004 0005 000c 0045 0002
~~~~~~~~~~~~~~~~~~~~~~~~~~~~~~~~~~~~~~~~~~~~~~~~~~~~~~~~~~~~~~~~~~~~~~~~~~~~~~~~~
000b 0008 0018 002b 0000 0003 000e 0001 | 000f 0015 0000 0001 0002 0008 0062 0000
000c 0008 0032 0032 0000 0002 0011 0000 | 0004 002f 0000 0000 0001 0007 0032 0000
0011 0010 001c 001c 0002 0006 0015 0003 | 0006 001c 0005 0004 0004 000c 0043 0002
000f 000c 001d 0022 0001 0006 0013 0003 | 000a 001b 0003 0004 0005 000c 0041 0002

000d 000b 0015 0023 0001 0004 0012 0002 | 000a 0019 0002 0003 0006 000c 0054 0001
000b 0009 001c 0022 0000 0003 0010 0001 | 0006 001a 0001 0001 0002 0008 006a 0000
001f 001b 001f 001f 0000 0002 001f 0001 | 000d 001f 0001 0001 0002 0012 001f 0000
0012 0010 001e 0020 0004 000a 0013 0005 | 000b 001c 0006 0006 0006 000c 0029 0005

Softmax real results based on implementation + softmax python (not the ideal one):
0.0546875 0.0390625 0.1015625 0.16796875 0 0.0078125 0.05859375 0 0.01953125 0.09375 0 0 0.00390625 0.0234375 0.40234375 0
0.046875 0.046875 0.09765625 0.13671875 0 0.0078125 0.05078125 0 0.015625 0.0859375 0.00390625 0 0.00390625 0.0234375 0.44921875 0
0.046875 0.03515625 0.19140625 0.19140625 0 0.0078125 0.0703125 0 0.01953125 0.19140625 0 0 0 0.02734375 0.19140625 0
0.0703125 0.046875 0.171875 0.171875 0 0.0078125 0.09375 0 0.03125 0.171875 0 0 0.00390625 0.03125 0.171875 0

Final results of multi-head attention:
0220 04d2 041a 029b 02c8 0467 0270 03a2 02ce 0287 0317 039a
0215 04e3 0424 02a3 02d8 0461 027a 039c 02dc 027a 0320 0395
023b 0482 03e8 0293 022f 0439 023a 03a4 0250 02ed 02cb 039d
0228 0474 03ce 0289 0231 042c 023c 038c 0247 02d3 02c0 0383
01d5 03fc 035a 0236 01ed 03a3 0234 0308 01f1 0277 0244 030c
0214 0477 03c8 0277 024a 0416 0254 036d 0251 02a5 02ab 036b
0222 04bd 040d 0294 029d 045a 0260 03a0 02ab 029f 0303 0399
01ee 0463 03b0 025f 025d 0406 0250 0351 0266 0267 02af 0352
0219 04b5 03f4 027e 02b8 0465 0274 0396 02c3 026e 02f8 039c
023a 047f 03e7 0290 022f 0435 0237 03a2 0251 02e9 02ca 039b
01ec 046d 03c1 0273 0255 03f8 024d 034f 025c 0280 02b7 0348
01f4 045e 03b4 0263 0250 0403 0249 0356 025e 0279 02ae 0356
01f3 0486 03d4 026f 0285 0425 0260 036b 0299 0267 02d9 036e
0216 04df 0421 029f 02bc 0463 0279 03a4 02cb 0287 0315 03a1
01fb 0451 038e 027a 0236 03fd 024e 034a 022f 029c 029d 033a
01e5 0418 037c 0248 0212 03c8 0231 0325 0215 027f 026e 0324
